10
0
1 7
1.87 1.4 0.83 1.77 0.95 1.4 1.26 1.94 
1
7 1 4 10 11
0.12 1.97 1.64 1.76 1.09 1.78 0.46 1.9 
2
9 4
0.82 1.34 1.69 1.39 0.88 1.17 1.81 1.75 1.8 1.19 
3
8 11
0.31 1.38 1.66 1.12 0.57 1.32 
4
2 7 8 9
1.01 1.51 0.96 1.81 
5
11 1 3 5 7
0.19 1.41 0.43 1.43 0.55 1.74 0.26 1.38 
6
2 7 8 9
1.83 1.75 
7
1 11
1.05 1.72 1.15 1.97 
8
2 1 3 4 9
0.15 1.75 1.23 1.08 
9
3 2 4 9
1.45 1.65 

0
0 2
1 1
2 3
4 3
5 2
6 3
7 4
9 4

1
0 2
1 2
2 1
3 2
4 4
5 2
6 1
7 3
8 4
9 3

2
0 1
2 1
3 2
4 3
5 3
7 2
9 4

3
0 4
1 2
2 1
3 2
4 2
5 3
6 3
7 2
8 3
9 1

4
1 2
2 1
3 3
4 1
5 2
6 3
7 2
8 3

5
0 2
1 4
2 3
5 2
6 3
7 3
9 4

6
2 3
3 1
5 4
6 3
7 4

7
1 1
2 2
3 4
4 2
6 4
7 3
8 2
9 4

8
0 3
2 2
4 3
7 3
9 1

9
0 4
1 2
2 2
3 1
4 4
5 1
6 4
7 2
8 2
9 1

10
0 1
3 4
4 3
5 3
6 2
8 3

11
0 2
1 1
3 1
4 2
5 4
6 1
9 1

12
0 1
1 1
2 1
3 4
4 3
5 1
6 4
8 1
9 3

13
0 4
1 1
2 2
3 2
4 2
7 1

14
1 1
2 2
3 2
4 1
5 2
6 2
7 1
8 3
9 3

15
1 3
2 3
3 3
5 3
6 2
7 3
8 1

16
0 4
1 2
2 3
3 3
4 1
5 3
6 4
8 3
9 4

17
0 2
1 4
2 1
3 3
4 3
5 1
6 3
7 3
8 3
9 1

18
1 4
2 2
5 1
6 3
7 1
9 2

19
0 3
2 2
4 4
5 3
6 3
7 4
9 2

20
0 1
2 3
3 2
4 4
5 1
6 4
7 2
8 4
9 4

21
1 2
2 3
3 1
5 3
6 1
7 1
8 2
9 2

22
0 3
1 1
2 4
6 4
7 1
8 3

23
0 3
1 1
3 4
4 1
5 2
6 1
8 3

24
1 4
2 3
3 2
5 3
6 2
7 1
8 3
9 4

25
0 2
1 2
2 4
3 1
4 1
5 3
6 3
7 2
8 4
9 3

26
1 3
3 4
4 3
5 4
6 3
7 4
8 1
9 3

27
0 3
1 3
2 1
3 1
4 3
5 1
7 3
8 4
9 3

28
0 3
1 4
2 4
3 2
4 1
5 4
6 3
7 1
8 2

29
1 3
2 2
3 4
4 1
5 4
6 2
7 2
8 4

30
0 2
1 4
2 3
3 1
4 1
5 3
6 3
8 4
9 1

31
0 1
1 3
2 3
4 3
6 4
8 3
9 1

32
1 1
2 1
3 3
4 4
5 4
6 4
7 4
8 3
9 1

33
0 4
1 3
3 1
4 4
5 2
6 1
7 4
8 2

34
0 2
1 1
3 1
4 1
6 2
7 3
8 4
9 1

35
1 2
3 4
5 2
6 3
7 3
8 2
9 3

36
1 1
2 1
3 3
4 4
5 1
7 2
9 2

37
0 3
1 1
2 1
3 2
4 2
5 4
6 4
8 2

38
0 3
2 3
3 4
4 3
5 4
6 1
8 4
9 4

39
0 2
1 1
3 4
4 3
5 3
6 4
7 4
9 3

40
0 2
1 2
2 2
3 4
4 3
6 2
7 3
8 1
9 2

41
0 2
1 3
3 3
6 2
7 2
9 3

42
0 4
1 4
2 2
3 4
5 4
6 3
8 3
9 4

43
0 3
1 3
3 1
4 2
5 3
6 4
7 1
8 2

44
0 1
2 3
3 1
4 3
6 2
7 2
8 1
9 1

45
0 3
2 2
3 3
6 2
7 1
8 2
9 1

46
0 2
1 3
2 2
3 2
5 3
7 2
8 3
9 4

47
2 1
3 3
4 2
5 1
7 4
8 3
9 3

48
0 3
1 3
3 4
4 1
5 4
6 1
7 1
8 3
9 3

49
0 2
1 1
2 4
3 3
4 4
6 4
7 4
8 1

50
0 4
1 3
2 1
3 2
4 3
5 3
6 2
7 1
8 2

51
1 4
2 1
3 2
4 4
5 1
6 3
7 4
8 3
9 4

52
1 2
2 3
3 3
4 2
5 3
6 3
7 1
8 3
9 3

53
0 1
1 4
3 2
4 3
5 2
6 1
7 4
8 1
9 1

54
0 4
3 3
4 3
5 2
6 3
8 2
9 4

55
0 3
1 2
2 1
3 4
4 2
5 2
6 2
7 4
8 1

56
1 4
2 1
4 3
5 3
7 1
9 4

57
0 3
1 2
2 4
3 1
4 2
5 4
6 4

58
0 4
1 4
2 4
4 3
5 3
6 2
7 3
8 4
9 1

59
0 3
1 3
2 1
3 3
4 4
5 2
6 4
7 2
8 4
9 1

60
1 4
2 1
3 1
4 4
5 1
7 1
8 4
9 4

61
1 2
2 4
3 1
4 1
5 3
8 2
9 1

62
0 1
1 1
3 4
4 1
5 1
6 2
7 2
8 2
9 1

63
0 3
1 4
2 3
3 4
5 4
7 3
9 2

64
0 2
1 1
2 2
3 1
4 4
5 1
6 4
8 4
9 3

65
0 2
1 1
2 4
3 1
4 4
5 4
6 3
7 4
8 4

66
1 3
3 2
4 1
5 1
8 3
9 1

67
0 3
3 1
4 2
5 4
6 4
7 2
8 1
9 4

68
0 1
1 1
2 4
3 4
5 2
8 3

69
0 2
1 2
2 2
4 4
6 4
8 4
9 4

70
0 1
1 1
3 4
4 1
5 4
6 4
7 4
8 3

71
0 4
1 1
2 3
3 3
5 2
6 2
8 4
9 1

72
0 2
1 2
2 3
3 3
4 1
5 1
7 2
8 4
9 3

73
0 3
1 1
2 3
3 1
5 3
6 2
8 3

74
0 1
2 4
3 3
4 2
6 3
7 2
8 3

75
0 4
1 4
2 4
3 3
4 4
5 2
6 2
7 1
8 2
9 4

76
0 4
2 3
4 4
5 1
6 2
7 4

77
0 4
1 2
2 1
3 2
5 2
6 1

78
0 1
1 2
2 3
3 1
4 2
5 4
6 1
8 4
9 1

79
0 3
2 2
3 3
4 1
5 2
6 4
8 2
9 1

80
1 2
2 4
3 3
5 2
7 1
9 1

81
0 4
2 3
4 4
5 4
6 4
8 2
9 4

82
0 1
1 4
2 1
3 1
4 3
5 1
6 2
7 2
8 1
9 2

83
0 2
1 4
2 3
3 4
4 4
5 4
6 4
7 1
9 4

84
0 2
1 1
3 4
4 1
5 1
6 2
7 3
8 2
9 2

85
0 1
1 1
2 1
3 2
4 2
5 2
6 4
8 4
9 2

86
0 2
1 2
3 4
5 3
6 4
7 1
8 1

87
0 2
1 1
2 4
3 2
4 1
5 3
6 2
7 3
8 1
9 1

88
0 1
1 2
2 1
3 2
7 3
8 1
9 3

89
0 1
1 4
2 4
4 4
5 4
7 4
8 2
9 4

90
0 2
1 3
3 4
4 2
6 1
8 4
9 3

91
3 3
4 2
5 1
6 4
7 4
8 2
9 1

92
1 1
2 2
3 4
4 1
6 4
8 2
9 4

93
0 2
1 1
3 4
4 1
5 2
7 1
8 4

94
0 3
1 3
2 3
3 1
4 4
5 2
8 4

95
0 4
2 2
3 1
5 4
8 3

96
0 3
3 4
4 4
5 4
7 1
8 4
9 4

97
0 3
1 3
2 1
3 1
5 3
6 4
7 2
9 2

98
0 1
1 1
2 2
4 3
5 4
6 2
7 1
8 2

99
0 2
3 1
4 1
5 3
6 3
7 4
8 1
9 4

100
0 4
1 4
2 3
3 2
4 2
6 4
7 1
8 1
9 4

101
1 4
2 4
3 4
4 3
5 2
8 3
9 2

102
0 4
1 1
2 1
3 1
4 4
5 4
8 1
9 3

103
0 2
1 4
3 4
4 4
5 2
7 1
8 2
9 2

104
3 4
6 3
7 1
8 4

105
0 4
1 1
2 1
3 2
4 1
6 3
7 4
8 3

106
0 3
1 2
3 2
4 3
6 2
7 2
8 3
9 3

107
0 2
1 2
2 4
5 3
6 1
7 2
8 3
9 3

108
0 4
1 4
2 1
3 4
4 4
6 1
7 4
8 1
9 2

109
0 3
2 3
3 1
4 4
5 2
6 2
7 1
8 2
9 2

110
0 4
1 4
2 1
3 3
4 3
5 2
6 3
8 2
9 1

111
0 3
1 1
3 3
4 1
5 3
6 1
7 2
8 2
9 2

112
0 1
1 3
2 3
4 2
5 1
6 2
7 2
8 2
9 2

113
0 2
2 1
4 3
5 1
7 2
8 4
9 2

114
1 4
2 2
6 2
7 4
8 2
9 4

115
0 4
1 4
2 2
3 2
5 4
6 4
7 3
9 2

116
0 4
1 3
2 4
3 3
4 1
7 1
8 4

117
0 3
1 2
3 3
4 2
5 1
6 4
7 3
8 3
9 4

118
0 1
1 1
2 1
3 2
4 4
5 2
6 1
7 4
8 4
9 1

119
0 1
1 3
2 1
3 2
6 1
7 2
8 2

120
0 1
1 2
2 1
4 1
5 2
6 3
7 1
9 1

121
0 4
1 2
2 2
3 2
5 1
6 1
8 1
9 1

122
1 1
2 4
4 2
5 1
6 4
7 3
8 1
9 2

123
0 3
1 4
3 1
4 4
5 1
6 4
8 3
9 1

124
0 2
2 1
4 4
5 3
6 3
8 1
9 4

125
0 2
1 2
2 3
4 1
5 2
6 1
7 4
8 3
9 3

126
1 2
2 4
3 4
4 4
5 3
6 2
7 2

127
0 4
1 2
2 4
4 3
5 2
6 1
7 2
9 1

128
0 3
2 3
4 1
7 1
8 4
9 1

129
1 1
2 1
3 3
4 4
5 2
7 2
8 2
9 1

130
0 4
1 1
2 3
3 2
5 4
9 3

131
0 4
1 3
2 4
3 2
4 4
5 1
6 2
7 1
8 1
9 1

132
0 1
1 2
2 4
3 4
5 4
6 3
7 3
8 3
9 4

133
0 3
1 4
2 3
3 2
4 4
5 1
6 2
8 2
9 2

134
0 2
2 4
3 4
4 3
5 1
6 1
8 4
9 4

135
0 2
1 1
3 2
4 1
5 3
7 2
8 1
9 4

136
0 2
1 2
2 3
3 3
5 1
6 2
7 1
8 4

137
0 3
1 3
2 3
3 4
4 3
5 2
6 2
8 2
9 1

138
0 2
1 4
3 4
4 3
5 2
6 4
7 2
8 1
9 3

139
0 4
1 2
2 3
5 3
9 1

140
2 4
3 4
4 1
5 3
7 3
8 3
9 3

141
1 2
2 4
3 4
6 2
7 2
8 4
9 1

142
0 4
2 3
3 1
4 2
5 1
6 4

143
0 2
1 2
3 1
4 2
5 1
6 1
7 1
8 3
9 2

144
0 2
1 2
2 3
3 1
5 4
7 1
9 3

145
0 3
1 1
2 4
3 4
4 1
5 4
6 3
7 4
9 3

146
0 1
1 1
2 4
3 3
4 4
5 3
6 1
7 1
8 4
9 2

147
0 4
2 2
3 4
4 4
6 4
7 2
8 4

148
0 1
1 4
3 1
6 3
7 1
8 4

149
1 3
2 2
3 2
4 1
5 3
6 1
7 1
9 4

150
0 3
1 1
3 2
5 1
6 2
7 3
8 4
9 1

151
1 1
3 4
4 4
5 3
7 1
8 2
9 1

152
0 1
4 1
5 3
6 2
7 4
8 1

153
0 2
1 1
4 2
5 1
7 4
8 1
9 3

154
0 2
1 4
2 2
3 2
4 4
5 1
6 2
7 3
9 1

155
0 4
1 2
3 2
4 2
5 3
6 2
7 3
8 4

156
0 4
1 4
2 4
5 2
8 2

157
0 2
1 4
2 2
3 1
4 2
5 1
6 2
7 2
9 2

158
0 4
1 2
2 2
3 1
4 4
5 2
6 3
9 3

159
1 1
2 3
3 3
5 4
6 1
8 1
9 2

160
0 1
1 1
2 1
5 3
6 1
7 1
8 3
9 2

161
0 3
1 4
2 4
3 4
4 3
5 4
6 1
7 3
8 4
9 4

162
1 3
2 2
3 4
4 3
5 3
8 3
9 2

163
0 2
1 4
2 2
3 3
4 3
5 4
6 3
7 3
9 2

164
0 2
1 2
2 4
3 1
4 2
5 1
6 3
7 1
8 1
9 1

165
0 3
1 2
2 4
3 3
4 1
5 2
6 4
7 4
8 3

166
0 1
2 3
4 4
6 2
8 3
9 4

167
0 3
2 2
3 1
5 4
7 3
8 4
9 2

168
1 1
2 3
3 4
4 2
6 1
7 3
8 1
9 3

169
0 1
1 4
2 1
4 4
5 1
6 3
7 4
8 4
9 3

170
1 2
2 1
3 4
4 4
8 3
9 1

171
0 1
1 2
3 4
4 1
5 1
6 2
7 4
8 1
9 1

172
2 1
4 1
5 1
6 4
7 1
8 1
9 4

173
0 3
1 1
2 2
3 3
4 3
5 1
6 4
8 4
9 3

174
0 2
1 3
3 2
4 2
5 1
6 3
7 4
9 3

175
0 1
1 4
2 4
4 2
5 2
6 2
7 2
8 3
9 2

176
0 4
1 4
3 4
4 1
5 4
6 2
7 3
9 1

177
0 4
1 2
2 3
3 3
4 4
5 2
7 2
9 2

178
0 3
1 4
2 2
4 1
7 1
8 3
9 2

179
1 4
2 1
3 3
4 1
6 4
7 1
8 3

180
0 4
2 1
3 1
5 1
6 1
8 2

181
0 3
1 2
2 4
3 4
4 2
5 4
6 3
7 3
9 3

182
0 2
1 4
2 2
4 3
5 2
6 4
7 2
8 2
9 4

183
0 3
1 4
3 3
4 2
6 4
7 1
8 2

184
0 2
1 3
2 3
3 3
4 2
5 3
6 1
7 1
8 2
9 1

185
0 1
2 1
4 1
5 4
6 2
9 3

186
1 1
2 2
3 4
4 2
5 2
7 2
8 1
9 3

187
0 1
1 4
2 1
3 3
5 2
6 3
8 3

188
0 3
1 3
4 2
5 4
6 1
7 1
9 2

189
1 2
2 3
3 2
5 1
6 3
8 4

190
0 1
1 2
2 3
3 4
4 3
5 4
6 4
7 3
9 3

191
0 4
1 3
2 3
3 4
5 4
7 1

192
0 4
1 1
3 3
4 3
5 4
6 2
7 4
8 2

193
0 3
1 1
2 2
4 3
5 1
6 2
9 3

194
0 2
2 3
3 1
4 4
7 3
8 1

195
0 2
1 2
2 2
3 1
4 4
5 3
6 4
7 2
8 2
9 2

196
1 2
2 3
3 4
4 3
5 1
6 3
8 4

197
0 3
1 1
2 1
3 2
4 4
5 4
6 1
8 2
9 2

198
0 2
2 4
4 2
5 4
6 4
7 4
8 4

199
3 4
4 1
5 4
6 4
9 3

200
0 4
2 1
3 4
4 3
6 2
7 2

201
0 4
1 2
2 2
3 2
4 3
8 2
9 1

202
0 1
1 1
3 1
4 3
5 1
6 1
9 4

203
0 1
1 2
2 3
3 4
4 2
5 2
6 4
7 4
8 3
9 2

204
0 1
1 2
2 1
3 4
4 1
5 3
6 4
7 3
8 2
9 3

205
1 3
2 3
3 3
4 2
5 2
6 1
7 3
8 1
9 4

206
0 4
1 4
2 4
3 4
4 4
5 2
6 4
7 1
8 3

207
0 2
1 4
2 3
3 3
4 1
6 3
7 1
9 3

208
0 3
1 3
2 4
3 2
4 2
5 3
6 1
7 2
8 3

209
0 3
1 1
2 4
3 2
4 4
5 2
7 1
8 4
9 2

210
0 2
2 3
3 2
5 1
6 3
7 3
8 1
9 4

211
0 2
1 1
2 4
4 1
5 1
7 2
8 3
9 3

212
0 2
1 4
3 3
4 4
8 1

213
0 2
1 3
2 1
4 2
5 4
6 4
7 2
8 2
9 3

214
0 1
1 1
2 1
3 2
4 4
7 3
8 4

215
0 4
1 2
2 2
4 2
5 2
6 4
7 3
8 2
9 3

216
0 4
1 2
2 2
3 1
4 1
5 1
7 3
8 3
9 3

217
0 4
3 1
4 1
5 1
8 1
9 4

218
0 4
2 1
4 1
5 3
6 3
7 4
9 1

219
0 2
1 4
4 3
5 4
6 2
7 2
8 3
9 3

220
1 1
2 4
3 2
5 2
6 2
7 4
8 1
9 1

221
1 2
4 4
8 3
9 4

222
1 2
2 4
4 1
5 4
6 2
7 3
8 1
9 2

223
1 2
2 2
3 4
5 1
6 2
7 3
8 4
9 3

224
0 3
1 2
2 4
3 2
4 4
5 4
7 4
8 4
9 1

225
1 2
3 1
4 2
5 3
6 4
7 2
8 4
9 3

226
0 1
1 3
2 1
3 3
4 4
5 3
6 2
7 3
8 4
9 4

227
0 2
2 2
3 1
4 2
6 4
7 1
8 1
9 2

228
1 2
2 4
3 4
4 2
6 4
9 4

229
1 3
2 4
4 1
5 2
7 1
8 4
9 2

230
2 2
3 1
5 1
6 2
7 4

231
1 2
2 1
3 3
4 2
5 2
6 1
7 1
8 3
9 2

232
0 3
1 2
2 1
3 3
4 3
5 1
6 1
9 2

233
0 3
1 4
2 2
3 4
4 2
5 3
7 4
8 3
9 3

234
0 2
1 3
3 4
4 4
5 2
6 3
7 1
8 2
9 4

235
0 4
1 3
2 3
3 2
4 1
6 2
7 2
8 1
9 1

236
0 3
2 2
3 2
6 4
7 3
8 4
9 4

237
0 1
1 4
2 2
3 4
7 4
8 2

238
0 2
1 4
2 3
3 2
4 2
5 3
6 1
7 1
8 1
9 3

239
1 2
3 2
5 3
6 4
9 3

240
0 2
1 3
3 2
4 3
5 3
6 3
7 2
8 3
9 2

241
0 3
1 3
2 3
3 4
4 2
5 3
7 1
8 1
9 2

242
0 3
1 3
3 4
4 4
5 2
7 1
8 1
9 4

243
1 1
2 1
3 4
4 3
5 3
6 1
7 3
8 4

244
0 2
1 3
2 1
3 4
4 3
5 2
6 2
8 4
9 2

245
1 2
2 2
3 4
4 3
5 3
6 4
8 1
9 4

246
0 1
2 1
4 2
5 4
7 3
8 3
9 1

247
0 2
1 1
2 3
3 2
5 2
6 3
7 1
8 1

248
0 1
1 1
2 4
3 3
4 4
5 2
6 4
7 2
8 3

249
0 3
1 3
2 2
3 4
4 3
5 4
6 3
7 4
8 2
9 4

250
0 1
2 1
4 3
5 3
7 4
8 3
9 4

251
0 3
1 4
2 1
3 1
5 3
7 2
8 2
9 1

252
0 3
2 2
3 2
4 2
5 2
6 2
7 3
8 1

253
0 2
1 2
2 2
4 2
5 4
6 3
7 1
8 3
9 4

254
0 4
1 2
2 2
3 3
4 1
5 3
6 2
7 3
8 3
9 3

255
1 1
2 3
3 4
4 1
5 4
6 4
7 3
9 1

256
0 3
1 3
2 3
3 4
4 1
5 4
7 4
8 2
9 4

257
0 4
1 3
2 3
3 3
4 2
5 2
7 1
8 2
9 3

258
0 1
2 4
3 3
4 3
5 2
6 3
7 3
8 2

259
0 3
2 4
6 1
7 1
9 1

260
0 4
1 3
2 4
3 2
4 1
8 3
9 3

261
0 4
1 4
2 1
3 1
5 4
6 1
7 2
8 4

262
0 4
1 3
2 3
3 4
4 3
5 2
6 3
8 3
9 1

263
0 4
3 3
5 2
6 4
8 4

264
0 3
1 1
2 3
3 3
4 3
5 1
7 4
8 1
9 4

265
0 3
1 1
2 2
4 1
9 3

266
0 2
1 2
2 2
3 1
4 2
5 4
6 4
7 3
9 4

267
0 2
1 2
2 1
3 3
4 1
5 4
6 4
7 1
8 3
9 2

268
0 1
1 4
2 4
3 2
4 2
5 3
6 2
7 4
8 3
9 2

269
0 1
1 3
2 1
3 1
4 2
6 2
7 4
9 3

270
0 4
1 4
2 4
3 2
4 1
5 2
6 4
7 4
8 1
9 4

271
0 2
2 2
3 3
4 1
7 4
8 1
9 2

272
0 2
2 1
3 2
4 2
5 2
6 2
8 3
9 3

273
0 3
1 4
2 4
3 4
4 2
5 3
6 3
7 3
9 2

274
0 4
1 3
2 2
3 2
4 4
5 3
6 1
7 1
8 2
9 2

275
0 2
2 3
3 4
4 2
5 1
6 4
7 4
8 3

276
1 3
2 4
4 1
5 4
6 2
7 4
8 3
9 3

277
0 2
1 1
4 4
5 3
6 1
7 4
8 2
9 3

278
0 1
1 2
3 2
5 3
6 1
7 1
8 1

279
0 1
2 4
3 4
5 2
6 3
7 4
8 3
9 4

280
0 3
2 4
3 4
4 4
5 4
6 4
7 1
8 2
9 3

281
1 4
2 3
3 4
4 4
5 3
8 3
9 1

282
0 1
1 1
2 1
3 4
4 2
5 2
7 4
8 3
9 1

283
0 3
1 1
2 4
3 1
4 4
5 1
7 1
9 1

284
0 1
1 2
2 1
3 2
4 1
5 2
6 2
7 4
8 1
9 3

285
0 1
1 4
2 4
3 1
4 3
5 1
6 3
7 3
8 2

286
0 3
1 3
2 2
3 3
5 3
6 3
7 1
8 4
9 3

287
0 1
1 3
4 3
5 1
6 1
7 3
8 4
9 2

288
0 2
1 3
3 2
4 2
5 3
6 3
9 4

289
2 1
3 3
4 4
6 4
7 4
8 4
9 2

290
0 4
3 3
4 4
5 2
6 4
7 3
8 4
9 3

291
0 2
2 1
3 1
4 4
5 2
6 3
7 3
8 1
9 1

292
0 1
1 1
2 1
3 3
4 1
5 4
6 1
7 2
8 1
9 4

293
1 4
2 2
3 4
5 2
7 4
9 2

294
1 3
3 1
5 2
6 3
7 4
8 3

295
0 1
1 3
3 4
4 4
5 2
6 2
7 4
8 4
9 4

296
0 1
2 2
3 3
4 2
5 3
6 3
7 2
8 2

297
0 4
1 4
2 4
3 1
4 2
6 1
7 2
8 3
9 4

298
0 2
2 4
3 4
5 4
6 1
7 2
9 2

299
0 4
4 1
5 2
6 1
8 3
9 2

300
0 1
1 2
2 4
4 2
5 2
6 3
7 2
8 4

301
0 1
2 3
3 1
4 3
5 1
7 3
9 4

302
1 2
4 2
5 1
6 4
8 1
9 4

303
0 4
1 2
2 1
3 1
4 1
5 3
6 1
7 3
8 3
9 1

304
0 2
2 3
4 3
5 1
6 4
7 4
8 4
9 1

305
0 4
1 4
2 1
3 2
4 2
5 1
6 1
7 2
8 3
9 2

306
0 4
1 2
2 1
3 3
4 2
5 4
6 2
8 2
9 3

307
0 2
2 3
3 3
4 3
6 1
7 3
8 2

308
0 3
2 2
3 1
4 2
5 3
6 3
7 3

309
0 2
2 3
3 3
4 4
5 2
6 3
7 3
9 3

310
0 4
1 4
2 2
3 2
4 4
5 1
6 1
7 3
8 4
9 4

311
0 2
2 2
3 1
4 1
5 3
6 2
7 2
9 3

312
0 3
2 4
6 4
7 3

313
0 3
1 1
3 2
4 3
5 2
6 3
7 1
8 1

314
0 4
1 3
2 3
3 3
4 3
5 2
6 3
7 2
8 4
9 2

315
0 3
1 3
3 2
4 3
5 3
6 3
7 4
8 4
9 4

316
0 4
1 3
3 4
5 1
6 3

317
0 2
2 4
3 1
5 4
6 2
7 4
9 3

318
1 3
2 3
3 1
4 2
6 4
7 1
8 2
9 3

319
0 3
1 3
2 2
4 1
5 4
6 4
7 4
8 2
9 1

320
0 4
2 4
3 1
4 4
5 2
6 3
8 3

321
0 2
1 2
2 2
3 4
4 1
5 3
6 4
7 3
8 3

322
0 3
1 2
2 4
3 3
4 4
5 2
6 4
7 3
8 4
9 1

323
0 3
1 1
2 4
4 1
5 3
6 1
7 3
8 4
9 3

324
0 3
1 1
3 4
4 3
5 4
6 4
7 1
8 1

325
0 4
1 4
3 3
4 1
5 4
6 1
7 4
8 4
9 3

326
0 3
1 4
2 4
4 1
5 2
6 4
7 2

327
2 1
3 1
4 1
5 4
7 2
9 3

328
0 1
1 1
4 3
5 2
6 3
7 2
8 2

329
0 3
2 2
3 3
4 2
6 2
8 1
9 4

330
0 3
1 1
2 4
4 4
6 2
7 3
8 2
9 1

331
0 1
1 1
2 1
3 4
4 2
5 1
6 2
7 2
8 1

332
0 3
2 1
3 4
4 1
5 2
6 3
8 4
9 1

333
1 2
4 2
5 2
8 4

334
0 2
1 2
2 4
6 3
8 3
9 2

335
0 1
1 2
2 1
4 1
5 4
6 4
8 1

336
0 2
1 4
2 2
4 1
5 4
6 3
7 3
8 2
9 2

337
0 1
1 3
2 1
3 3
4 2
5 3
6 4
7 1
8 1
9 2

338
2 3
3 2
4 2
6 3
8 3

339
0 1
2 3
3 2
5 4
6 3
7 1
9 3

340
1 3
2 4
3 4
4 2
5 1
6 1
7 3
8 4
9 4

341
0 4
1 1
2 3
3 1
4 2
6 1
8 4
9 1

342
0 1
2 2
3 2
5 4
6 1
7 2
8 4
9 4

343
1 1
3 4
5 4
6 2
7 2
8 3
9 4

344
0 4
2 1
4 2
5 2
7 4
8 2
9 2

345
0 4
1 4
2 4
3 3
4 4
6 1
7 1
9 4

346
0 3
1 1
2 2
4 2
5 4
6 2
8 1

347
0 2
2 2
3 3
4 4
5 2
6 1
7 2
8 2
9 4

348
0 3
1 4
2 3
4 4
5 4
7 1
8 4
9 3

349
0 1
1 1
2 1
3 1
4 3
5 1
6 3
9 3

350
0 3
1 1
2 2
3 2
4 1
5 4
7 3

351
0 4
2 4
3 2
4 2
5 1
6 1
7 1
8 4
9 2

352
0 1
2 3
3 4
4 1
5 3
6 2
7 3
8 1
9 1

353
0 3
1 1
2 4
3 1
4 2
6 1
7 4
8 3
9 2

354
0 3
1 2
2 3
3 2
6 2
8 1

355
1 3
2 3
3 1
4 2
6 4
7 3
8 2
9 3

356
0 2
1 4
4 4
5 2
6 3
7 4
8 2

357
0 3
1 3
2 4
3 2
4 1
5 1
6 4
7 1
8 1
9 1

358
0 2
1 1
2 2
3 3
4 3
5 1
6 1
7 1
8 3
9 4

359
1 2
2 2
3 4
4 3
6 1
7 3
8 2
9 2

360
0 2
1 1
4 3
5 4
6 4
8 4
9 3

361
0 2
1 3
3 1
4 4
6 3
7 4
8 2
9 4

362
1 2
2 1
4 2
5 2
6 1
7 1
8 1

363
1 4
2 2
4 1
5 4
6 3
7 4
8 3
9 3

364
0 2
1 2
2 2
4 3
5 4
6 2
7 4
8 3
9 4

365
1 2
2 1
3 2
4 3
6 1
9 4

366
0 1
1 2
2 1
3 4
5 2
6 1
8 2
9 1

367
0 2
1 4
3 1
4 1
6 3
7 2
8 2
9 4

368
0 2
1 4
2 1
3 2
4 2
6 4
7 4
9 2

369
1 4
2 1
3 3
4 4
5 1
6 3
9 4

370
0 1
1 2
2 1
4 4
6 3
7 2
8 2
9 3

371
0 3
2 1
3 4
5 2
6 1
7 3
8 2

372
0 2
1 1
2 4
3 4
4 3
5 3
6 4
7 3
8 2
9 4

373
1 1
2 4
4 3
5 4
6 3
7 1
8 3
9 3

374
0 2
1 2
2 1
3 1
4 4
5 1
6 1
7 2
8 1

375
1 1
4 2
6 2
7 2
8 3
9 2

376
0 4
1 4
2 2
3 4
4 3
5 4
6 3
7 2
8 2
9 2

377
0 4
2 2
3 2
4 3
5 3
6 4
7 3
9 3

378
1 4
2 1
3 2
5 1
6 3
7 2
9 2

379
1 3
3 1
4 1
5 3
7 1

380
0 3
2 4
3 3
4 1
5 1
6 4
7 3
8 2
9 4

381
0 4
1 2
2 2
3 4
4 4
5 3
6 1
7 2
8 1
9 3

382
1 2
2 3
3 2
4 1
5 1
7 2
9 3

383
0 4
1 2
5 4
6 4
7 4
8 1
9 1

384
0 2
1 1
2 2
4 3
6 2
7 2
8 2
9 1

385
0 3
1 4
2 1
3 4
4 3
5 3
6 2
8 2
9 3

386
1 1
2 3
4 3
5 3
7 4

387
0 4
1 1
2 2
5 4
6 1
7 4
9 2

388
0 3
1 1
2 3
3 4
4 1
5 4
6 3
9 3

389
0 4
1 2
2 4
3 3
4 1
5 4
6 1
7 4
8 4
9 4

390
0 1
1 2
3 2
5 2
6 1
7 3
9 3

391
0 1
1 1
3 1
4 3
5 1
6 2
7 2
8 4
9 4

392
0 1
2 3
5 4
6 2
7 3
8 4
9 4

393
0 2
3 4
4 2
5 2
6 1
7 4
8 2
9 1

394
0 4
1 4
3 1
4 3
6 4
7 3
8 3
9 1

395
0 1
2 1
3 4
4 3
5 3
6 4
7 1
8 2

396
0 2
1 3
2 4
3 3
4 2
5 2
6 1
7 3
9 2

397
0 2
1 3
2 3
3 2
4 4
5 4
6 1
7 4
8 3

398
0 3
1 3
2 2
3 3
4 3
5 3
6 1
7 3
9 1

399
0 1
3 3
5 3
6 1
7 3
8 3
9 4

400
0 3
1 4
2 3
4 1
5 4
6 3
7 1
8 2
9 4

401
0 4
1 2
2 3
3 1
4 2
6 1
7 1
8 2
9 4

402
0 4
1 1
2 3
4 4
5 3
6 2
7 3
8 3
9 1

403
0 2
1 4
2 1
3 3
6 4
7 3
9 3

404
0 2
1 2
2 3
3 4
5 3
7 1
8 3
9 3

405
0 3
1 1
2 1
4 1
5 4
7 1
8 3
9 1

406
0 2
1 4
3 3
4 3
5 1
6 3
7 2
8 4
9 2

407
0 3
2 2
3 2
4 3
7 4
8 4
9 2

408
0 1
1 2
2 4
3 3
4 4
6 3
8 1
9 3

409
0 4
1 1
2 2
4 3
5 4
6 4
7 3
8 2
9 1

410
0 4
1 4
2 4
4 4
6 1
7 3
9 2

411
2 1
3 1
4 2
5 1
7 3
8 1
9 3

412
0 1
2 3
3 1
4 4
5 1
7 4
9 3

413
1 4
2 3
3 2
4 2
5 1
6 1
8 4

414
0 1
1 3
2 2
3 3
4 3
5 2
6 4
7 1
8 3
9 3

415
0 3
1 3
2 2
3 3
4 1
5 1
7 3
8 4
9 3

416
0 1
1 1
2 1
3 3
4 3
5 1
7 3
8 2
9 1

417
1 3
2 3
3 3
6 3
7 2
9 1

418
0 4
1 2
2 3
3 2
4 3
5 2
6 4
7 3
9 2

419
0 3
2 3
3 4
5 1
6 3
8 2

420
0 1
1 4
3 4
4 3
5 1
7 2
8 1
9 1

421
0 3
1 2
2 2
3 1
4 3
5 2
6 1
8 2
9 4

422
0 2
1 3
2 2
4 4
5 4
7 4
8 2

423
0 3
2 4
4 4
5 3
7 4
8 1

424
0 4
1 3
3 3
4 1
5 4
6 4
7 4
8 2

425
0 1
1 4
2 4
3 2
4 1
5 4
7 1
8 1
9 2

426
0 4
1 1
2 4
3 2
4 1
6 4
7 4
8 4
9 4

427
1 1
2 3
3 1
4 1
5 4
6 1
7 2
8 3
9 3

428
0 3
1 3
2 2
3 3
5 4
6 4
7 2
8 4

429
0 1
1 2
2 4
3 1
4 1
5 1
6 1
7 1
8 4
9 2

430
0 2
1 1
4 3
5 3
6 3
8 4
9 1

431
0 2
1 1
2 4
3 3
5 2
7 1
8 4
9 3

432
0 1
1 1
2 3
3 2
4 4
6 4
7 3
8 4
9 4

433
0 2
1 3
3 2
4 2
5 1
6 4
8 4
9 1

434
1 1
3 2
4 3
5 1
6 3
9 3

435
0 2
1 2
2 4
3 1
4 1
5 4
7 3
8 2

436
0 4
2 4
4 3
5 1
6 4
7 1
9 4

437
0 2
2 4
4 2
5 2
6 1
7 4
8 2
9 3

438
0 1
1 4
2 1
3 2
6 4
7 2
8 2
9 4

439
0 3
1 1
3 4
5 4
6 3
7 3
8 4

440
0 1
1 1
2 3
3 2
4 2
5 2
6 4
7 3
9 2

441
1 2
2 1
3 1
4 3
5 1
7 2
8 3
9 2

442
0 3
1 3
3 1
4 2
6 1
9 3

443
0 4
1 1
2 2
3 4
4 2
5 4
6 3
7 3
8 1
9 4

444
0 4
1 4
2 4
3 2
4 4
5 4
7 4
8 3
9 3

445
0 1
1 4
2 3
3 4
4 1
5 1
6 4
7 2
8 4
9 4

446
0 1
1 1
2 2
3 1
4 1
5 3
7 1
8 4
9 3

447
0 1
1 2
2 2
3 3
5 4
6 3
7 3
8 4
9 4

448
2 4
3 1
4 2
5 4
8 2
9 4

449
0 3
1 4
2 1
5 1
6 1
7 2
8 4
9 4

450
1 2
3 1
4 2
6 3
7 4
8 3
9 4

451
1 4
2 2
3 3
4 4
5 4
6 4
7 4
8 3
9 2

452
0 4
1 3
3 2
5 1
7 1
8 1
9 2

453
0 4
1 1
2 2
4 3
6 2
7 1
8 2
9 4

454
1 2
2 3
3 4
4 4
6 1
7 4
8 2

455
0 2
1 3
3 4
4 4
5 3
6 1
7 1
8 3
9 3

456
0 1
1 3
2 4
3 3
4 4
6 3
7 1
8 4
9 2

457
0 2
1 4
3 2
4 4
6 1
8 3
9 4

458
1 1
2 3
3 1
4 3
5 3
8 1

459
0 2
1 1
2 2
4 4
5 3
6 1
7 4
8 1
9 4

460
1 1
4 1
5 2
6 3
7 2
8 2
9 3

461
0 1
1 1
2 2
3 3
5 4
6 2
7 4
8 3

462
0 2
1 2
2 1
3 2
6 2
7 4
9 2

463
0 1
1 3
2 2
3 3
5 2
6 1
7 3
8 4
9 2

464
0 1
2 3
3 4
4 2
5 2
6 2
7 1
9 1

465
0 3
1 1
3 4
4 2
5 1
6 4
7 1
8 1
9 2

466
0 2
3 2
4 1
5 3
6 2
7 3
8 2
9 1

467
2 3
4 2
5 3
7 2
8 2
9 2

468
0 4
1 2
2 1
3 4
5 1
6 4
7 3
8 4
9 4

469
0 3
1 4
3 3
4 4
5 1
6 3
9 1

470
0 3
1 2
2 1
3 3
4 4
6 4
7 4
8 4
9 1

471
0 3
1 1
2 1
3 3
4 1
5 2
6 3
7 2
8 4
9 2

472
0 3
1 4
2 4
4 4
5 4
6 3
7 4

473
0 1
3 2
4 2
5 1
6 1
7 4
8 2
9 4

474
0 4
1 3
2 1
3 3
4 2
5 2
6 1
7 2
8 2
9 3

475
0 4
2 2
3 4
4 1
5 2
6 1
7 1
9 1

476
1 2
4 4
5 1
6 2
7 3
8 3
9 3

477
0 4
1 2
2 4
3 3
5 2
6 2
8 4
9 4

478
0 2
1 1
2 4
5 1
6 1
7 4
9 3

479
0 3
1 1
2 2
3 4
4 4
5 4
6 2
7 4
8 1

480
0 2
1 1
2 4
3 4
5 4
6 4
8 4
9 4

481
0 1
1 3
2 1
3 3
4 1
6 2
7 1
8 1
9 1

482
0 1
1 4
2 3
3 1
5 2
6 4
7 2
8 1
9 3

483
0 3
2 3
3 1
4 1
5 4
6 1
7 2
8 2
9 4

484
0 1
2 1
3 1
4 2
5 3
6 3
7 2
9 4

485
0 1
1 4
2 2
3 1
4 1
5 1
6 4
8 2

486
0 2
2 2
4 3
5 4
6 3
7 3
8 1

487
0 3
1 1
3 4
4 1
5 2
6 1
8 2

488
0 3
1 1
2 1
3 3
4 2
6 4
7 1
8 1
9 1

489
0 3
1 1
2 2
4 4
5 2
6 3
7 2
8 1
9 2

490
0 4
1 2
2 4
3 4
6 4
7 4
9 1

491
1 4
2 4
3 1
6 1
7 4
8 4
9 4

492
0 3
3 3
5 2
6 2
7 1
8 4
9 4

493
1 4
2 4
3 2
4 4
5 1
6 1
7 1
8 4
9 3

494
3 2
4 1
5 4
6 2
7 4
8 3
9 4

495
0 3
2 1
3 1
4 2
5 1
6 4
8 2
9 1

496
0 1
1 3
2 2
3 4
4 4
5 1
6 1
7 2
8 4

497
0 3
1 4
2 4
3 1
4 2
5 3
6 2
8 2
9 1

498
1 3
2 3
3 4
4 1
8 1

499
2 4
3 4
4 2
5 2
6 2
8 3

500
0 3
2 1
5 2
6 1
7 4
8 4
9 4

501
0 2
1 3
2 2
3 1
4 4
5 2
6 1
7 2
9 4

502
0 4
2 4
5 4
6 4
7 3

503
1 3
2 2
3 3
4 4
5 4
6 2
7 3
9 3

504
0 2
1 1
2 3
3 3
4 3
5 2
6 4
9 1

505
0 2
1 4
2 3
3 4
4 2
5 2
6 3
7 2
8 4
9 4

506
0 3
1 1
2 4
3 2
4 4
8 2
9 1

507
0 1
1 4
2 4
3 2
4 1
5 2
6 1
7 2
9 3

508
3 1
5 1
7 3
8 4
9 3

509
0 3
1 3
2 4
3 2
5 4
6 2
8 3

510
0 3
1 3
2 1
3 2
4 2
6 3
7 1
8 2
9 4

511
0 4
1 4
2 2
3 4
4 4
5 1
6 1
7 2
8 3
9 1

512
1 1
2 1
3 2
4 2
5 3
6 1
7 1
8 4
9 1

513
0 4
1 2
3 2
4 4
6 2
9 4

514
0 1
1 3
3 2
4 4
6 1
9 4

515
1 4
2 2
3 3
4 3
6 3
7 3
9 4

516
0 3
2 1
3 4
4 3
5 1
7 3
9 4

517
0 4
2 3
3 4
4 3
7 1
9 3

518
0 3
1 4
2 4
3 2
4 3
5 3
6 1
7 4
8 2
9 1

519
0 3
1 3
2 3
3 2
4 4
5 3
6 1
8 2
9 3

520
0 2
1 2
2 1
3 2
5 2
6 1
7 3
8 3

521
0 2
1 4
2 4
7 3
8 3

522
1 4
2 4
3 3
4 2
5 2
6 1
7 4
8 2
9 1

523
0 2
1 3
4 4
5 2
6 3
7 4
8 2
9 3

524
1 2
2 2
3 4
4 4
5 3
7 1
8 4

525
2 2
3 2
5 2
6 1
7 4
8 3
9 3

526
0 2
1 2
4 1
5 3
6 3
7 4
8 3
9 1

527
0 1
1 4
3 3
5 1
6 1
7 2
8 4
9 1

528
0 1
1 1
3 2
4 3
5 2
6 3
7 2
8 1
9 1

529
0 4
1 1
2 4
3 4
5 4
6 1
7 1
8 3
9 3

530
0 3
1 4
2 3
3 1
4 2
5 3
6 3
7 2
8 4
9 4

531
0 2
1 3
2 1
3 1
5 2
6 2
7 2
8 4

532
1 4
3 3
4 4
5 4
6 1
7 1
8 2
9 1

533
0 3
2 4
3 2
4 4
5 3
6 1
7 2
8 4
9 3

534
1 2
3 4
4 1
5 2
6 2
7 4
8 1
9 4

535
0 2
1 1
3 1
4 2
5 1
6 1
7 2
8 2
9 1

536
0 1
1 2
2 2
3 1
4 3
6 2
8 3
9 2

537
0 4
2 1
3 4
4 4
7 3
8 2
9 2

538
0 2
1 1
2 4
3 4
4 2
6 1
7 4
8 4
9 4

539
3 3
4 3
5 3
7 2
8 4
9 2

540
0 4
1 4
2 4
3 1
4 4
5 4
8 4
9 4

541
0 1
1 3
2 1
3 4
4 2
5 3
6 4
7 2
9 3

542
0 2
1 2
2 3
3 1
4 3
6 1
7 3
8 1

543
1 4
2 4
3 1
5 3
6 3
7 4
8 4
9 2

544
0 1
1 1
3 4
4 2
6 2
7 1
8 1
9 2

545
0 3
2 3
3 2
7 3
9 1

546
0 2
3 2
4 2
5 4
7 4
9 1

547
0 3
1 1
2 1
4 2
5 4
6 3
7 4
8 1
9 2

548
0 3
2 1
4 1
5 4
6 3
8 3
9 1

549
2 1
4 4
5 1
6 2
7 4
8 1
9 2

550
0 4
2 3
3 1
4 3
5 4
6 3
7 1
8 2
9 2

551
0 2
1 4
2 1
3 3
5 4
6 4
7 1
8 3
9 2

552
1 4
2 2
3 3
4 2
6 3
8 3
9 2

553
0 3
2 2
3 2
4 2
5 3
6 4
7 4
8 4
9 2

554
0 3
1 1
3 4
4 4
5 2
6 2
8 4
9 3

555
0 4
1 1
2 2
5 1
6 1
7 2
8 3
9 3

556
0 1
3 3
5 1

557
0 1
1 1
2 2
3 4
4 1
5 3
7 4
9 1

558
2 1
3 2
4 4
7 1
8 1
9 2

559
0 1
1 1
2 3
3 2
5 2
7 1
8 4
9 2

560
0 4
1 4
2 1
4 3
6 2
7 2
8 4
9 1

561
0 3
2 3
3 3
4 3
6 3
7 2
8 1

562
0 4
2 1
4 1
5 4
6 3
7 4
8 3
9 4

563
0 3
2 1
3 3
4 2
5 2
6 1
9 2

564
0 1
1 1
2 1
3 1
4 4
5 3
6 3
8 4
9 3

565
0 4
1 4
2 2
3 4
5 3
6 3
7 3
8 1

566
0 3
1 2
4 3
5 4
7 1
9 4

567
0 3
1 4
2 1
3 4
4 4
5 2
6 2
7 2
8 3
9 4

568
0 4
2 4
8 3
9 1

569
0 1
1 2
3 4
4 3
5 1
7 3
8 2
9 1

570
0 4
1 3
2 1
3 3
4 4
5 1
6 2
7 2
8 4
9 1

571
0 1
1 2
2 2
5 4
6 1
7 4
8 2
9 1

572
0 2
1 3
2 3
3 2
5 1
6 3
7 1
8 3
9 1

573
1 4
2 4
4 4
5 3
6 4
7 1
8 2

574
0 1
1 2
2 2
4 1
5 4
6 3
7 2
8 1
9 3

575
0 3
1 4
2 1
3 1
5 1
6 4
7 2

576
3 1
5 3
6 3
7 1
9 1

577
0 4
1 1
2 2
3 2
4 1
6 2
7 4
8 2
9 1

578
0 1
2 4
3 4
4 1
5 4
6 2
7 3
9 3

579
0 2
1 3
2 3
5 3
6 1
7 3
8 4
9 3

580
0 3
4 2
5 1
6 2
7 3
8 3

581
0 1
1 4
2 1
3 1
4 4
6 3
8 1

582
0 1
1 2
2 1
3 4
4 2
5 4
6 2
7 3
8 3
9 1

583
0 3
3 4
4 1
5 3
6 2
7 1
8 4
9 2

584
1 3
2 3
3 4
4 4
8 2
9 2

585
0 1
1 3
2 2
3 3
5 1
6 1
7 4
8 2
9 1

586
0 4
2 1
3 4
4 4
5 3
6 1
7 2
8 1
9 2

587
0 1
2 3
3 4
4 2
5 4
6 2
7 3
8 2
9 4

588
0 4
1 4
2 2
4 2
5 4
6 4
7 3
9 3

589
0 3
3 1
4 2
5 3
6 3
7 3
8 1
9 2

590
1 3
2 3
3 4
4 1
5 3
6 2
7 1
8 1
9 4

591
0 2
1 1
2 4
3 1
4 3
5 3
6 2
7 2
8 2
9 1

592
0 3
1 1
2 2
3 2
4 1
7 1
8 2
9 3

593
0 4
2 3
3 1
4 1
5 4
6 3
7 3
8 3
9 1

594
0 2
1 2
3 4
4 4
5 3
6 3
7 4
9 3

595
0 4
1 2
3 3
5 4
7 2
8 3
9 2

596
0 2
1 3
2 4
3 3
4 3
5 1
8 2
9 1

597
0 3
2 2
3 3
4 3
5 4
6 2
7 3
9 1

598
0 1
1 1
2 4
3 1
4 2
5 4
6 4
8 1
9 2

599
0 3
2 4
3 1
4 3
5 2
6 3
7 3
8 4
9 4

600
1 1
2 3
3 1
5 4
6 3
7 2
8 3
9 1

601
1 1
2 2
4 4
5 1
6 4
7 1
8 4
9 4

602
0 2
1 4
2 1
3 4
4 1
6 2
7 2
8 3
9 1

603
0 1
1 3
3 3
4 3
6 3
7 1
8 2

604
0 4
1 2
2 4
3 3
4 2
5 3
6 4
7 3
9 3

605
0 1
1 3
3 2
4 3
5 4
6 3
7 4
8 4
9 4

606
0 1
1 4
2 1
3 2
4 2
5 4
7 4
8 1
9 3

607
1 4
3 2
4 4
5 1
7 1
8 2
9 2

608
0 4
1 2
3 4
4 3
5 3
7 3
8 3
9 1

609
0 3
1 3
2 1
3 4
4 1
5 2
8 3
9 1

610
0 3
1 3
2 2
3 2
4 2
5 3
6 4
7 2
8 2
9 4

611
1 1
2 4
3 3
5 3
6 4
7 1
8 3

612
0 4
1 3
2 2
3 2
5 4
7 1
8 1
9 3

613
0 1
1 2
2 4
3 4
4 1
6 3
7 2
9 4

614
0 1
1 1
2 3
3 4
4 1
5 1
6 4
8 3
9 1

615
1 3
2 1
3 3
4 3
5 3
6 4
7 4
8 2
9 4

616
0 3
1 3
2 2
3 1
4 1
5 3
6 1
8 1
9 2

617
0 3
1 2
2 3
5 3
6 4
7 2
9 3

618
0 4
2 2
3 3
4 4
5 4
6 4
7 1
9 3

619
0 4
1 4
2 3
3 3
4 3
5 4
6 3
7 2

620
0 1
2 4
4 3
5 4
6 4
7 3
8 4
9 4

621
0 4
1 2
2 3
3 4
5 1
6 3
7 1
8 1
9 4

622
1 3
2 4
3 1
4 1
5 4
7 3
8 2
9 2

623
0 1
2 4
3 1
5 1
6 2
7 2
9 2

624
0 3
1 4
2 3
3 3
4 3
5 3
6 2
7 3
8 1
9 4

625
0 4
1 3
2 2
4 2
6 4
7 1
8 1
9 3

626
0 4
1 2
2 2
3 1
4 2
5 2
6 4
7 4
9 4

627
0 4
2 3
5 4
7 3
8 3

628
1 2
2 4
6 2
7 3

629
0 4
1 4
2 4
3 4
5 2
6 4
7 3
8 3
9 4

630
0 3
2 2
3 2
4 1
5 2
6 2
7 1
8 1
9 4

631
0 3
1 3
2 3
4 4
5 4
7 1
8 1
9 4

632
0 3
1 2
2 3
3 2
5 3
6 3
7 1
8 1
9 1

633
1 2
4 1
6 1
8 1
9 2

634
0 3
1 3
3 4
4 4
7 3
8 2
9 1

635
0 2
1 4
2 1
3 4
4 4
5 4
6 3
8 3

636
0 2
2 4
3 1
6 2
7 2
8 4
9 4

637
0 1
2 1
3 2
4 2
5 2
6 1
7 2
8 3

638
0 3
1 2
2 1
3 1
4 2
5 1
6 2
9 3

639
1 3
2 1
3 2
4 3
5 3
6 3
7 1
9 3

640
0 4
1 3
3 2
4 2
5 3
7 3
8 4
9 2

641
1 3
2 3
3 4
4 4
5 3
6 3
8 4
9 2

642
0 3
2 3
3 3
5 3
6 1
7 1
8 3
9 3

643
0 1
1 2
2 1
3 4
4 1
5 1
7 2
9 2

644
0 2
1 4
2 1
3 1
4 2
5 4
6 3
8 1
9 4

645
0 4
1 4
4 1
5 4
6 1
7 2
8 3

646
0 1
1 3
2 4
3 2
4 3
5 2
6 3
7 2
8 3

647
0 3
1 4
3 2
4 4
6 4
7 2
9 3

648
0 2
1 4
3 4
4 2
5 2
6 4
7 3
8 1
9 4

649
0 3
1 2
2 4
3 4
4 4
5 4
6 2
7 3
9 3

650
0 4
1 3
2 2
3 1
5 3
6 1

651
0 2
1 3
2 2
3 1
4 3
5 4
7 4
8 3
9 1

652
0 3
1 1
2 1
3 2
5 1
6 3
7 4
9 2

653
0 1
1 1
3 1
4 3
5 2
6 4
7 4
8 1

654
1 1
2 4
3 1
5 2
6 2

655
0 4
1 2
2 1
3 3
4 1
5 2
6 2
7 3
8 4
9 2

656
0 4
1 1
2 3
4 1
5 3
7 4
8 4
9 3

657
0 2
2 4
4 2
5 2
6 3
7 2
8 3
9 1

658
0 3
1 2
3 1
4 2
5 3
9 4

659
0 1
1 3
2 2
3 3
4 1
5 2
8 4

660
0 3
1 3
2 4
3 2
4 3
5 4
7 4
9 3

661
2 3
3 3
4 1
5 2
8 4
9 4

662
1 2
2 2
3 2
4 1
5 2
6 4
7 2
8 4

663
1 1
2 3
3 4
5 1
7 1
8 2

664
0 3
1 4
2 3
3 1
4 2
5 1
6 1
8 1

665
0 1
1 2
2 1
3 1
4 3
5 2
6 3
7 1
8 1

666
0 4
1 4
2 1
3 1
5 1
6 2
7 2
8 3
9 4

667
1 4
3 1
5 3
7 2
8 4
9 3

668
1 3
2 4
3 3
5 4
6 2
7 1
8 1
9 2

669
0 4
1 1
5 4
6 2
7 4
9 4

670
1 2
4 4
6 4
7 3
9 1

671
1 3
2 2
3 1
4 2
6 1
7 1
8 2
9 2

672
0 3
1 2
2 2
4 2
5 3
6 1
8 3
9 2

673
0 4
1 2
2 4
3 4
4 2
5 4
7 3
8 4

674
0 4
1 1
2 2
3 4
4 2
5 2
6 2
8 2

675
1 4
2 1
3 1
5 3
6 2
8 4
9 2

676
0 2
1 1
2 1
3 1
4 3
5 3
6 3
7 4
8 4
9 3

677
0 1
1 3
2 1
3 3
5 2
6 3
7 4
8 3
9 1

678
0 4
1 3
2 2
3 4
4 3
6 4
7 2
8 1

679
0 3
1 3
2 3
3 1
4 2
5 1
6 1
7 4
8 1
9 3

680
0 2
1 4
2 4
3 3
4 4
5 1
6 3
7 2
9 4

681
1 1
2 1
4 2
5 2
6 3
7 3
8 4
9 1

682
0 3
1 1
2 2
4 4
5 2
6 3
7 2
8 3

683
0 2
1 2
2 3
3 2
4 3
5 3
6 1
7 2
8 2
9 2

684
1 4
2 2
3 4
4 1
5 3
6 1
7 1
8 4
9 3

685
0 4
1 1
2 3
3 1
4 2
6 2
8 1

686
3 4
4 1
5 3
6 4
7 3
8 1
9 4

687
1 1
2 3
3 3
4 1
5 3
6 4
7 3
8 2
9 4

688
0 4
2 4
4 2
5 2
6 2
7 1
8 1
9 4

689
1 1
3 2
4 2
5 4
7 4
9 4

690
0 2
1 3
2 3
4 3
5 4
6 2
7 3
8 2
9 4

691
0 2
1 3
2 4
3 3
4 1
5 1
6 1
7 2
8 3
9 3

692
0 4
1 1
2 4
3 4
4 1
6 4
7 2
8 4

693
0 2
1 2
2 2
3 4
4 1
5 3
6 3
7 2
8 1
9 3

694
0 3
1 1
2 4
3 2
4 2
5 1
6 2
7 4
8 2
9 4

695
0 1
1 3
2 2
3 2
4 4
5 1
6 2
7 1
8 1
9 4

696
0 2
1 2
4 1
5 2
6 4
7 2
8 4

697
0 1
3 4
4 3
5 2
6 2
7 4
8 4
9 4

698
0 3
2 2
4 4
5 2
6 4
7 1
8 1

699
0 2
3 2
4 4
5 3
6 4
8 3
9 1

700
0 3
2 2
3 1
4 2
5 2
6 1
8 4
9 1

701
1 2
2 4
3 3
4 1
5 3
6 3
7 4
8 4
9 2

702
0 4
1 2
2 2
3 2
4 3
6 1
7 1
8 1
9 1

703
2 2
3 4
4 3
7 4
8 2
9 4

704
0 3
1 3
4 4
5 3
6 1
7 2
8 4
9 3

705
0 1
2 3
3 4
4 3
5 2
7 2
8 3
9 3

706
0 2
2 3
3 3
4 3
5 4
6 4
7 3
8 3
9 2

707
0 3
1 2
3 2
4 2
5 2
6 2
7 4
8 1
9 1

708
0 1
2 1
3 2
5 1

709
1 3
2 3
3 4
4 4
5 1
6 1
7 1
8 4
9 2

710
1 4
2 3
3 1
4 4
5 1
6 4
7 4
9 1

711
3 3
4 3
5 4
6 3
7 1
8 3

712
0 4
1 2
3 2
4 3
7 1
8 2

713
0 1
1 3
4 2
5 1

714
1 1
2 3
5 1
6 2
7 4
8 3
9 2

715
1 1
3 1
4 1
6 4
7 2
8 4

716
0 1
1 4
2 4
3 1
4 4
5 1
6 3
7 2
9 4

717
0 2
1 3
3 4
4 3
6 1
8 2
9 1

718
0 4
1 4
2 3
3 1
4 2
5 3
6 1
7 3
9 2

719
0 1
4 2
5 3
6 3
7 3
8 2

720
0 3
1 1
2 1
3 1
5 1
6 4
7 2
8 1
9 3

721
0 4
1 1
3 3
4 4
5 2
6 2
7 4
9 3

722
0 2
1 2
2 4
3 2
4 4
6 4
7 3
9 3

723
0 1
1 1
2 4
3 1
4 1
5 1
6 2
8 3
9 2

724
0 1
1 1
2 1
3 3
4 4
5 4
6 4
7 1
8 3
9 2

725
0 4
1 4
2 1
3 1
4 4
5 4
7 1
8 2
9 2

726
0 2
2 3
3 4
6 2
7 4
8 3
9 4

727
0 2
1 2
3 4
4 3
5 2
7 3
9 1

728
0 3
1 1
2 1
3 4
4 1
5 2
6 2
7 3

729
0 1
1 3
2 2
3 3
4 4
5 2
6 1
7 3
8 1
9 4

730
1 2
2 3
3 1
6 3
7 2
8 3
9 2

731
0 3
1 2
2 1
3 2
4 4
5 1
6 3
7 1
8 1
9 2

732
0 2
1 2
2 2
3 2
4 4
5 1
6 2
7 3
8 1
9 2

733
0 2
1 1
2 3
3 1
4 1
5 4
6 1
7 4
8 3
9 3

734
0 2
1 2
2 2
3 2
4 3
5 3
6 4
7 4
8 3
9 4

735
0 4
1 2
2 4
3 2
4 2
5 4
7 3
8 4
9 1

736
0 3
1 4
2 3
3 1
4 1
6 4
7 3
8 1
9 3

737
0 1
1 3
2 2
3 3
5 4
6 2
7 1
8 4

738
1 3
2 2
4 2
5 1
6 4
7 4
8 2
9 2

739
0 3
1 1
2 1
3 2
5 3
6 2
7 4
8 1
9 3

740
0 2
5 3
6 1
7 4
8 3
9 3

741
0 1
1 1
2 1
3 2
4 4
5 3
6 4
7 4
8 1
9 4

742
0 3
1 2
2 2
5 4
6 2
7 2
8 1
9 2

743
0 4
1 4
3 1
4 1
5 4
6 3
7 2
8 1
9 2

744
0 1
1 2
2 2
3 1
4 1
5 1
7 4
8 1
9 4

745
1 3
2 2
3 4
5 1
6 1
7 4
9 4

746
0 1
1 4
2 3
4 4
5 2
7 4
8 4

747
1 2
3 2
5 1
6 1
7 1
8 1
9 3

748
0 2
1 1
2 4
4 1
5 2
6 2
7 3
8 2
9 2

749
0 4
2 1
3 4
4 4
7 4
8 2
9 3

750
0 4
1 1
2 2
3 4
4 1
5 4
6 2
7 2
8 2
9 2

751
0 1
1 2
2 3
4 3
5 1
6 3
7 3
8 4

752
0 1
2 3
3 2
5 4
7 4
8 4
9 4

753
1 4
2 4
3 1
4 3
5 3
7 3
8 4
9 1

754
0 2
1 4
3 3
5 2
6 3
7 3
8 3
9 4

755
0 4
1 2
2 4
3 4
4 2
5 2
6 1
7 2
8 3

756
0 3
1 2
2 2
3 2
4 1
5 3
6 3
7 2
8 1
9 2

757
0 4
1 4
3 4
4 3
5 2
7 2
8 2
9 1

758
0 4
3 1
4 2
6 3
7 2
9 3

759
0 4
2 1
3 4
4 3
6 4
7 2
8 4
9 3

760
0 3
1 4
2 2
5 1
6 2
8 2
9 2

761
0 3
1 1
2 1
4 4
5 1
7 4
8 3
9 2

762
1 3
2 3
3 3
4 2
5 4
7 1
8 2
9 2

763
1 1
2 4
3 1
4 4
5 1
6 3
7 4
8 1
9 1

764
1 4
2 4
4 3
5 3
6 3
7 4

765
2 2
3 3
4 1
6 2
7 2
8 2
9 2

766
1 3
2 1
3 1
4 3
5 4
6 3
8 4
9 2

767
0 4
1 2
3 4
4 4
5 2
6 4
7 2
8 4
9 2

768
0 2
1 3
2 4
4 3
5 1
6 3
7 1
8 3

769
0 2
4 4
6 4
7 3

770
0 4
2 3
4 2
7 2
9 1

771
2 2
3 2
4 4
5 3
6 4
8 1
9 4

772
0 4
1 2
3 4
5 4
6 3
7 2
9 2

773
0 3
1 2
3 2
4 3
6 3
8 2
9 3

774
0 1
1 4
3 2
4 2
5 2
6 4
7 3
9 3

775
0 2
1 1
2 3
3 3
4 4
6 4
7 2
9 3

776
0 3
1 3
2 3
3 3
4 2
5 3
6 1
7 3
8 4
9 3

777
0 3
1 2
3 3
4 4
6 3
7 1
8 2

778
0 2
1 4
2 1
3 2
4 3
5 3
6 2
7 2
8 2
9 1

779
0 2
1 1
2 4
3 4
4 4
5 2
6 4
8 4
9 1

780
0 4
1 4
2 2
3 1
4 3
5 2
6 2
7 1
8 2
9 3

781
1 3
2 3
3 4
4 1
5 3
6 1
7 4
8 1
9 3

782
0 1
1 2
2 2
3 1
4 4
5 1
6 4
7 3
8 3
9 2

783
0 4
1 3
2 1
3 3
4 3
5 4
6 4
7 1
8 3
9 4

784
0 1
1 3
2 3
3 4
4 2
5 1
6 3
7 4
8 1

785
0 1
1 4
2 2
3 3
4 1
5 2
7 3
8 3
9 4

786
0 1
1 1
2 4
3 2
4 3
6 2
7 2
8 1
9 4

787
1 2
2 1
3 2
4 1
5 4
6 2
7 3
9 2

788
0 2
4 4
5 3
6 1
8 2
9 1

789
0 4
1 1
2 4
3 2
4 1
5 1
6 3
7 4
8 4
9 1

790
0 4
3 1
4 4
5 4
6 1
7 2
8 1
9 2

791
0 1
1 1
2 3
3 1
4 3
5 2
6 1
7 1
8 2
9 4

792
0 4
2 3
3 2
4 3
5 2
6 1
7 4
9 4

793
0 1
2 1
3 2
4 2
5 1
7 4
8 2
9 3

794
0 4
2 1
3 1
4 2
5 4
6 1
7 2
8 1
9 2

795
0 4
1 2
2 4
3 3
4 4
6 4
7 1
8 3
9 2

796
0 1
1 1
3 1
4 2
5 3
6 3
7 2
8 4
9 4

797
0 3
1 2
2 4
6 3
7 2
8 1
9 3

798
0 2
1 3
3 3
4 2
6 4
7 1
8 3
9 4

799
0 4
1 2
2 1
3 4
4 1
5 4
6 2
9 2

800
0 3
1 4
2 3
3 3
4 2
5 4
6 4
8 4

801
0 3
1 3
2 1
3 1
4 3
5 3
7 2
8 1

802
0 3
1 3
2 1
3 2
4 4
5 3
6 3
7 3
8 3
9 1

803
0 2
1 2
3 3
4 3
6 3
7 1
8 4

804
0 1
2 3
3 1
4 4
5 4
7 3
8 4
9 2

805
0 3
1 2
2 1
3 4
4 3
6 4
7 3
8 4

806
0 1
1 1
2 4
3 2
4 2
7 4
8 4
9 2

807
0 1
1 1
2 1
3 1
4 2
5 1
6 1
7 2
9 1

808
1 2
2 1
3 1
4 1
5 2
7 1
8 2
9 1

809
1 3
2 4
3 1
4 3
5 3
6 1
7 3
8 4

810
0 4
1 1
2 2
3 4
4 3
5 3
6 2
7 4
8 3

811
2 4
3 2
4 2
5 2
6 3
7 3
8 2
9 1

812
0 1
1 4
2 4
3 3
4 1
5 3
6 1
7 3
8 2
9 4

813
0 4
1 4
2 3
3 1
4 3
5 2
6 2
7 2
8 3
9 4

814
1 3
3 4
4 4
6 1
7 1
9 1

815
0 3
1 1
2 1
3 2
6 1
7 2
8 4

816
1 3
2 3
4 3
6 1
7 1
8 1

817
0 1
1 2
3 3
4 2
5 4
6 2
7 3
9 4

818
1 1
3 2
4 3
5 3
6 4
7 3
8 3

819
0 1
2 4
3 1
5 2
7 4
8 3
9 2

820
0 4
1 3
2 2
3 2
4 1
7 2

821
0 2
1 4
2 1
3 2
5 4
6 3
7 1
8 1
9 1

822
0 3
1 2
3 4
4 4
5 2
6 3
7 1

823
0 3
1 3
2 1
4 3
6 1
7 1
8 4
9 2

824
0 1
1 3
2 4
3 1
4 2
5 2
6 3
7 1
8 1
9 4

825
0 4
1 1
3 3
4 1
5 4
6 1
8 4

826
1 2
2 3
3 4
4 2
5 3
7 4
8 2
9 4

827
0 1
1 1
2 4
3 1
5 1
6 1
8 1
9 4

828
0 3
1 3
2 3
3 3
5 2
6 2
8 1
9 4

829
0 3
1 2
2 4
3 2
4 4
5 3
6 2
7 4
8 4
9 1

830
0 4
2 3
3 2
4 2
6 2
7 2
8 4
9 4

831
0 3
1 2
2 2
3 3
4 2
5 4
6 3
7 2
8 2

832
0 3
1 4
2 3
7 2
8 4
9 3

833
0 3
2 1
3 4
6 4
8 3
9 2

834
0 4
1 1
2 4
3 4
4 4
5 3
6 3
7 3
8 3
9 3

835
0 1
1 4
2 1
4 2
5 2
6 2
7 2
8 2
9 4

836
1 2
2 3
3 3
4 2
5 3
6 1
8 4

837
0 1
1 3
2 4
5 4
6 1
7 2
8 2
9 2

838
0 3
4 1
5 4
6 2
7 4
8 1
9 1

839
0 4
1 3
2 3
3 4
4 3
5 3
7 1
8 3
9 4

840
0 4
1 3
3 4
4 2
5 4
6 2
7 3
8 3
9 3

841
0 4
1 2
4 2
5 1
9 4

842
0 1
1 2
2 3
3 1
5 2
6 2
7 1
9 4

843
1 3
2 4
3 1
4 3
5 4
6 1
8 2
9 4

844
0 1
2 4
3 1
4 1
6 3
7 3

845
0 2
1 3
2 4
4 3
5 4
7 1
8 3
9 1

846
0 1
3 2
4 2
5 2
7 1
8 1
9 1

847
0 1
1 2
2 3
3 1
4 2
5 1
6 3
9 2

848
0 4
1 4
3 1
4 3
5 4
6 1
8 4

849
0 2
1 1
2 2
3 3
4 3
5 4
7 4
9 3

850
0 4
1 4
2 1
4 2
5 4
6 3
7 3
8 1
9 3

851
0 1
1 1
2 2
3 1
4 4
5 2
9 2

852
0 3
1 2
2 2
3 3
4 2
5 2
6 4
7 3
8 1
9 3

853
1 4
2 3
3 3
4 2
5 2
6 4
7 3
8 1
9 3

854
0 4
1 1
2 3
3 1
5 3
6 3
8 2
9 2

855
0 1
1 1
2 2
3 3
4 2
5 2
6 2
7 2
8 4
9 4

856
0 1
1 1
2 3
3 1
4 1
5 2
6 2
7 2
9 1

857
0 3
1 3
2 2
3 3
5 3
6 3
7 2
8 4
9 1

858
0 4
1 2
4 3
6 2
8 2
9 4

859
2 1
3 4
4 4
5 3
6 3
7 2
8 3

860
0 3
1 4
2 2
3 3
4 3
5 2
6 3
7 1
8 1

861
0 3
2 4
3 1
4 2
5 4
6 4
7 3
8 3
9 3

862
0 4
1 2
2 3
3 3
4 3
5 1
7 2
8 4
9 2

863
0 1
1 2
2 3
3 3
4 4
5 1
6 1
9 1

864
2 4
3 4
5 1
6 2
7 4
8 2
9 2

865
0 2
1 3
2 2
3 1
5 3
7 3
8 4

866
0 4
1 4
2 2
3 4
4 3
5 2
6 4
7 4
8 1

867
1 1
2 4
3 4
4 2
7 2
8 3
9 2

868
0 1
1 4
2 2
3 4
5 4
7 3
8 4

869
0 2
1 1
2 1
3 1
4 3
5 4
8 4
9 2

870
0 2
1 3
2 3
3 2
5 3
6 4
8 3
9 1

871
0 1
1 3
2 4
3 4
4 1
6 3
7 2
8 4
9 3

872
0 1
1 1
2 1
3 4
4 1
5 4
6 2
8 2
9 4

873
0 1
2 4
3 2
4 4
5 1
6 2
8 3

874
0 4
1 1
4 1
5 1
6 1
8 2

875
0 3
1 2
2 4
4 4
5 2
6 3
8 2

876
1 2
2 3
3 1
5 2
6 1
7 3
8 2

877
0 4
2 1
3 4
8 1
9 4

878
0 2
1 3
3 3
4 2
5 1
6 3
7 3
8 3
9 2

879
0 4
1 2
2 2
3 4
4 4
6 1
7 2
8 4
9 4

880
1 1
2 4
3 4
4 4
5 3
6 2
7 1

881
0 3
1 3
3 2
4 4
5 2
6 2
7 1
9 1

882
0 3
1 3
2 4
3 1
4 3
5 4
6 3
7 4
8 1
9 3

883
0 3
1 4
2 2
3 1
4 1
6 3
7 2
9 3

884
0 1
1 3
2 1
3 2
4 2
5 4
6 4
8 1
9 1

885
0 4
1 1
2 4
4 4
5 3
8 1
9 2

886
2 2
5 2
6 2
7 4
9 3

887
0 4
1 2
2 3
3 1
4 2
6 2
7 2
8 4

888
2 1
3 3
6 4
7 1
8 1
9 3

889
0 2
1 4
2 4
3 2
4 3
5 4
6 4
7 3
8 3
9 3

890
0 4
2 3
3 2
5 1
8 4

891
1 1
2 2
3 3
6 1
8 3
9 2

892
0 4
1 4
2 2
3 1
5 4
6 3
7 4
8 2
9 1

893
0 3
1 2
3 3
4 3
5 2
7 3
8 3

894
0 1
1 1
2 1
3 2
5 2
6 4
7 3
8 1
9 3

895
0 1
1 4
2 2
3 1
4 2
5 4
6 1
8 3

896
0 2
2 1
4 3
5 4
7 4
8 4
9 1

897
0 1
1 1
2 1
3 1
4 2
5 1
6 2
7 1
8 1
9 1

898
0 3
1 2
3 4
4 1
5 1
6 3
9 2

899
1 2
3 3
5 2
7 2
8 3
9 2

900
0 3
1 1
3 3
4 3
5 3
8 2

901
0 4
2 3
3 3
5 2
6 2
9 1

902
0 3
1 4
2 4
3 1
4 4
6 1
9 1

903
1 3
3 1
4 3
5 4
6 1
7 2
8 4
9 2

904
0 1
1 1
4 4
6 1
7 4
9 4

905
2 3
3 3
4 1
5 1
6 4
7 4
8 2
9 1

906
2 2
3 3
4 2
5 4
6 4
7 4
8 1
9 2

907
0 3
1 4
4 4
5 2
6 1
7 2
8 4
9 4

908
0 4
1 1
2 1
3 1
4 2
7 2
8 1
9 2

909
0 1
2 2
3 3
4 2
6 1
7 2
8 4

910
1 1
2 3
3 1
5 1
7 3
8 4
9 1

911
0 1
1 3
2 1
3 1
5 1
7 3
8 1

912
0 1
1 4
2 2
3 3
4 4
5 3
7 2
8 3

913
1 2
2 3
3 2
4 3
5 3
7 4
8 2
9 2

914
1 3
4 2
5 2
6 2
7 2
8 3
9 4

915
0 3
1 2
6 2
7 1
8 1
9 4

916
0 1
2 2
3 3
5 3
7 3
8 4

917
0 2
1 4
2 3
3 1
4 3
5 2
6 4
7 3
8 1
9 4

918
0 4
1 2
2 1
3 4
4 1
5 2
8 2
9 4

919
0 4
1 1
4 4
5 1
6 1
7 3
8 4
9 2

920
0 4
1 3
2 2
3 1
4 2
6 2
9 4

921
2 4
3 4
4 1
5 2
6 1
7 2
9 2

922
0 1
1 4
2 1
4 4
5 1
7 3
8 2
9 3

923
0 4
1 3
2 4
3 1
5 1
6 2
7 1
9 3

924
0 2
1 2
2 2
4 2
5 3
6 4
7 4
8 4
9 3

925
0 3
1 2
2 4
5 1
6 3
7 3
8 1
9 3

926
0 3
1 1
2 4
3 1
4 4
5 2
6 3
7 1
9 2

927
0 2
2 3
5 3
6 2
8 1
9 1

928
0 2
1 1
2 4
3 2
4 4
5 3
6 4
7 1
8 2

929
0 3
1 2
2 3
3 2
4 3
5 2
7 4
8 2

930
0 2
1 1
2 2
5 1
6 1
9 1

931
0 3
1 4
3 4
4 2
6 3
7 4
8 4
9 1

932
0 3
1 3
2 3
3 4
5 4
7 3
8 3
9 3

933
1 1
2 1
3 3
4 1
6 3
7 4

934
0 3
2 1
3 2
5 4
6 1
7 3
8 4

935
0 3
2 1
5 2
6 1
7 2
8 1
9 1

936
0 2
1 1
3 4
5 2
6 1
7 4
8 4
9 3

937
1 4
2 4
3 3
4 4
5 4
6 2
7 1
9 4

938
0 3
2 2
3 3
4 2
5 3
6 4
8 2
9 4

939
0 3
1 2
2 3
4 4
6 4
7 3
9 2

940
0 3
1 4
2 4
3 4
5 1
7 4
8 2
9 1

941
0 2
1 2
2 4
3 3
4 3
6 1
7 3
9 1

942
1 3
2 2
4 3
5 1
6 1
7 3
8 2
9 2

943
4 4
5 2
6 3
9 4

944
0 3
2 1
3 1
4 3
5 1
7 4
8 4
9 4

945
1 3
2 3
3 3
4 3
5 3
7 3
8 2
9 4

946
0 2
1 2
2 3
4 1
5 2
6 4
7 4
8 2

947
1 1
2 1
3 1
4 1
5 3
6 2
7 3
9 3

948
1 3
2 1
3 1
5 3
6 2
7 3
8 4
9 1

949
0 3
1 3
2 4
3 1
5 2
6 2
7 3
8 1
9 4

950
0 2
1 4
2 4
4 2
5 4
6 4
7 2
8 4

951
0 4
5 4
8 2
9 4

952
0 4
1 1
4 3
5 2
7 2
8 4
9 2

953
0 4
2 2
3 2
4 3
6 4
7 3
9 2

954
0 2
1 4
2 1
3 2
5 3
7 4
9 4

955
1 1
2 3
3 1
4 3
5 1
7 4
8 4

956
0 4
1 3
2 2
3 3
4 2
5 1
6 2
7 4
8 4
9 3

957
1 4
2 2
3 2
4 4
6 4
7 3
8 4
9 1

958
2 2
3 2
5 2
6 3
7 1
9 3

959
0 3
2 3
4 1
6 3
7 2
8 2
9 3

960
0 2
1 1
2 4
3 2
4 4
5 1
6 2
7 1
8 1
9 3

961
0 1
1 1
3 4
4 1
5 2
6 1

962
2 4
3 4
4 2
5 3
7 2
8 1

963
4 4
5 2
7 1
8 1
9 4

964
0 3
1 2
4 1
5 1
6 3
7 3
8 2
9 4

965
0 4
1 3
2 3
4 2
5 2
6 3
7 4
8 1
9 1

966
0 4
1 2
3 3
4 4
5 2
6 2
7 2
9 1

967
0 1
1 2
3 4
4 1
5 4
6 1
7 2
8 1
9 3

968
0 2
1 2
2 3
3 1
4 4
5 3
6 4
7 1
9 4

969
1 4
2 4
3 4
4 3
5 4
6 2
7 3
8 3
9 2

970
0 1
1 4
2 1
3 3
5 4
6 3
7 1
8 3
9 1

971
0 3
1 3
2 2
3 4
4 4
5 4
6 2
7 4
8 1
9 1

972
0 2
1 4
2 4
3 3
5 2
6 1
9 2

973
0 3
1 3
2 2
3 3
4 3
6 3
7 2
9 4

974
0 3
1 4
5 2
6 2
7 3
8 1
9 4

975
0 1
1 4
2 2
4 3
5 2
6 2
8 2

976
0 4
1 4
2 3
3 1
4 1
5 4
6 2
7 1
8 3
9 3

977
0 4
1 3
2 3
3 1
4 4
5 2
7 2
8 1
9 4

978
1 3
2 1
3 4
4 4
5 3
6 1
7 4
8 1
9 4

979
0 3
1 1
2 4
3 4
4 3
7 2
9 2

980
0 4
1 1
3 1
4 3
5 4
6 3
7 2
8 3

981
0 3
2 2
3 4
4 3
5 1
6 2
9 2

982
1 4
2 3
4 4
5 4
6 3
7 2
8 3
9 3

983
0 2
1 1
3 3
4 2
5 4
6 1
7 3
8 4
9 1

984
0 2
1 2
2 4
4 2
5 3
7 1
8 4
9 4

985
0 2
1 1
3 2
4 4
5 4
7 2
8 3
9 1

986
1 4
2 2
3 4
4 3
5 1
7 1
8 4
9 1

987
0 1
1 2
2 3
5 2
7 3
8 3
9 4

988
0 1
1 2
2 3
3 4
4 1
5 2
6 2
7 3
8 2
9 1

989
0 2
1 2
2 1
3 2
4 2
5 3
6 2
9 2

990
0 4
2 3
3 2
4 3
5 1
6 3
7 3
8 3
9 2

991
1 3
2 2
3 2
4 4
5 3
6 2
7 3
8 2
9 2

992
0 3
1 1
3 4
4 2
5 1
7 1
8 1
9 2

993
1 3
2 3
3 2
4 4
5 1
6 4
7 4
8 3
9 1

994
0 4
2 2
3 1
4 1
5 3
6 2
7 3

995
0 4
2 2
3 4
4 2
5 1
7 4
8 3
9 4

996
1 1
2 3
3 2
4 1
5 3
6 1
7 2
8 3
9 2

997
0 3
1 3
3 1
4 2
5 3
6 3
7 1
8 2

998
2 3
3 1
4 1
5 2
7 1
8 2
9 2

